[gd_scene load_steps=5 format=2]

[ext_resource path="res://elements/element.tscn" type="PackedScene" id=1]
[ext_resource path="res://elements/box.tscn" type="PackedScene" id=2]
[ext_resource path="res://gui.tscn" type="PackedScene" id=3]
[ext_resource path="res://main.gd" type="Script" id=4]

[node name="main" type="Spatial"]
script = ExtResource( 4 )

[node name="camera" type="Camera" parent="."]
transform = Transform( 0.707107, -0.5, 0.5, 0, 0.707107, 0.707107, -0.707107, -0.5, 0.5, 4, 5, 4 )

[node name="object" type="Spatial" parent="."]

[node name="element1" parent="object" instance=ExtResource( 1 )]
transform = Transform( -0.258819, 0, 0.965926, 0, 1, 0, -0.965926, 0, -0.258819, 0, 0, 0 )

[node name="element2" parent="object" instance=ExtResource( 2 )]
transform = Transform( 0.965926, 0.258819, -4.21669e-08, 0, -1.62921e-07, -0.999999, -0.258819, 0.965925, -1.57369e-07, 0, 2, 0 )

[node name="light" type="DirectionalLight" parent="."]
transform = Transform( 1, 0, 0, 0, 0.866025, 0.5, 0, -0.5, 0.866025, 2, 4, 6 )

[node name="gui" parent="." instance=ExtResource( 3 )]
